INFO: 2023-02-28 14:35:19,897: Data
INFO: 2023-02-28 14:35:25,148: Data shape (110527, 14)
INFO: 2023-02-28 14:35:30,938: Percentage of women: 0.653882342398853
INFO: 2023-02-28 14:35:35,439: Percentage of men: 0.346117657601147
ERROR: 2023-02-28 14:35:40,808: Data shape is incorrect!
